<?xml version="1.0"?>
<opencv_storage>
<Camera>
  <size>
    800 600</size>
  <CameraMatrix type_id="opencv-matrix">
    <rows>3</rows>
    <cols>3</cols>
    <dt>d</dt>
    <data>
      1.2471271068365591e+003 0. 3.7878207107869514e+002 0.
      1.2499654236996837e+003 2.6216172054138264e+002 0. 0. 1.</data></CameraMatrix>
  <DistCoeffs type_id="opencv-matrix">
    <rows>1</rows>
    <cols>5</cols>
    <dt>d</dt>
    <data>
      -4.4819477555823489e-001 3.0177803121665461e+000
      -1.2237616341779006e-003 -8.0216380179883853e-004
      -2.3227103233469823e+001</data></DistCoeffs></Camera>
<Projector>
  <size>
    1024 768</size>
  <CameraMatrix type_id="opencv-matrix">
    <rows>3</rows>
    <cols>3</cols>
    <dt>d</dt>
    <data>
      2.4547563897365585e+003 0. 4.5750700797269985e+002 0.
      2.4573487666521378e+003 6.6766872923688595e+002 0. 0. 1.</data></CameraMatrix>
  <Distcoeffs type_id="opencv-matrix">
    <rows>1</rows>
    <cols>5</cols>
    <dt>d</dt>
    <data>
      -9.4150112709933426e-002 1.0295127580608376e+000
      -6.7590686165745874e-003 -1.1392569514440089e-002
      -5.2267708190062399e+000</data></Distcoeffs></Projector>
<ProCam>
  <R type_id="opencv-matrix">
    <rows>3</rows>
    <cols>3</cols>
    <dt>d</dt>
    <data>
      9.9886343406840561e-001 -3.0505340876652690e-002
      -3.6623274827234868e-002 2.4347250929235720e-002
      9.8711207773261223e-001 -1.5816749781985587e-001
      4.0976230344686206e-002 1.5709605396827922e-001
      9.8673288096340173e-001</data></R>
  <T type_id="opencv-matrix">
    <rows>3</rows>
    <cols>1</cols>
    <dt>d</dt>
    <data>
      4.0208988932750003e+001 2.2165905840662347e+001
      1.4427340347141740e+002</data></T>
  <E type_id="opencv-matrix">
    <rows>3</rows>
    <cols>3</cols>
    <dt>d</dt>
    <data>
      -2.6043854932078618e+000 -1.3893184272202581e+002
      4.4691191358348846e+001 1.4246181444376131e+002
      -1.0717782847719672e+001 -4.4959295995832207e+001
      -2.1161734484084395e+001 4.0366957122443658e+001
      -5.5479671079621573e+000</data></E>
  <F type_id="opencv-matrix">
    <rows>3</rows>
    <cols>3</cols>
    <dt>d</dt>
    <data>
      -4.5577056609421161e-007 -2.4258029635980722e-005
      1.6285960281177240e-002 2.4904686448579220e-005
      -1.8693915687570304e-006 -1.8745323592160634e-002
      -2.5510332067920912e-002 2.9648027411558267e-002 1.</data></F></ProCam>
</opencv_storage>
