<?xml version="1.0"?>
<opencv_storage>
<calibration>
  <CameraMatrix type_id="opencv-matrix">
    <rows>3</rows>
    <cols>3</cols>
    <dt>d</dt>
    <data>
      1.3789519853071274e+003 0. 3.8941548025008615e+002 0.
      1.5561224275727075e+003 2.9528219753745708e+002 0. 0. 1.</data></CameraMatrix>
  <DistCoeffs type_id="opencv-matrix">
    <rows>1</rows>
    <cols>5</cols>
    <dt>d</dt>
    <data>
      -4.9218601938148565e-001 1.0298921906454370e+000
      -3.6910827199538108e-002 1.6421910430503329e-002
      9.4787498205182052e-001</data></DistCoeffs></calibration>
</opencv_storage>
