<?xml version="1.0"?>
<opencv_storage>
<Camera>
  <size>
    800 600</size>
  <CameraMatrix type_id="opencv-matrix">
    <rows>3</rows>
    <cols>3</cols>
    <dt>d</dt>
    <data>
      1.2854689938082590e+003 0. 3.3689098058553685e+002 0.
      1.2848953393220118e+003 2.5706103416897378e+002 0. 0. 1.</data></CameraMatrix>
  <DistCoeffs type_id="opencv-matrix">
    <rows>1</rows>
    <cols>5</cols>
    <dt>d</dt>
    <data>
      -2.4457973087662427e-001 -5.2987092248624252e+000
      6.8177741502102487e-004 -1.4966075612756985e-003
      5.8604388109926816e+001</data></DistCoeffs></Camera>
<Projector>
  <size>
    1024 768</size>
  <CameraMatrix type_id="opencv-matrix">
    <rows>3</rows>
    <cols>3</cols>
    <dt>d</dt>
    <data>
      2.5009344105843875e+003 0. 4.6895039712277787e+002 0.
      2.4879950103442179e+003 6.1247162507599342e+002 0. 0. 1.</data></CameraMatrix>
  <Distcoeffs type_id="opencv-matrix">
    <rows>1</rows>
    <cols>5</cols>
    <dt>d</dt>
    <data>
      -1.0828576073914141e-001 2.1330805879664654e+000
      -8.2105284316124072e-003 -3.7123002859046172e-003
      -1.4682655784586700e+001</data></Distcoeffs></Projector>
<ProCam>
  <R type_id="opencv-matrix">
    <rows>3</rows>
    <cols>3</cols>
    <dt>d</dt>
    <data>
      9.9659474886349697e-001 -3.1598550016715188e-002
      -7.6160607761129664e-002 2.0234329840133257e-002
      9.8913501271872717e-001 -1.4561077745086040e-001
      7.9934213160724785e-002 1.4357387732719504e-001
      9.8640613507601993e-001</data></R>
  <T type_id="opencv-matrix">
    <rows>3</rows>
    <cols>1</cols>
    <dt>d</dt>
    <data>
      4.5498658708762335e+001 3.4489046440954738e+001
      1.4434021070505349e+002</data></T>
  <E type_id="opencv-matrix">
    <rows>3</rows>
    <cols>3</cols>
    <dt>d</dt>
    <data>
      -1.6377264267897340e-001 -1.3782023002872128e+002
      5.5037697300463364e+001 1.4021179655475376e+002
      -1.1093360211390600e+001 -5.5873194259719540e+001
      -3.3450967708768026e+001 4.6094120219569980e+001
      -3.9983883295093050e+000</data></E>
  <F type_id="opencv-matrix">
    <rows>3</rows>
    <cols>3</cols>
    <dt>d</dt>
    <data>
      -2.2129179103621872e-008 -1.8630768485813945e-005
      1.4356433727797564e-002 1.9044137036551776e-005
      -1.5074180487184741e-006 -1.5783626975076320e-002
      -2.2957688590350387e-002 2.5243679511633140e-002 1.</data></F></ProCam>
</opencv_storage>
