<?xml version="1.0"?>
<opencv_storage>
<calibration>
  <CameraMatrix type_id="opencv-matrix">
    <rows>3</rows>
    <cols>3</cols>
    <dt>d</dt>
    <data>
      1.2898112438325388e+003 0. 3.9892653776326620e+002 0.
      1.2756184048406888e+003 2.4177026789773009e+002 0. 0. 1.</data></CameraMatrix>
  <DistCoeffs type_id="opencv-matrix">
    <rows>1</rows>
    <cols>5</cols>
    <dt>d</dt>
    <data>
      -2.7539685309996503e-001 -5.1556044986133873e+000
      1.4958038421988118e-002 1.2217029909769980e-003
      5.1858514314796004e+001</data></DistCoeffs></calibration>
</opencv_storage>
