<?xml version="1.0"?>
<opencv_storage>
<Camera>
  <CameraMatrix type_id="opencv-matrix">
    <rows>3</rows>
    <cols>3</cols>
    <dt>d</dt>
    <data>
      1.2691488091911388e+003 0. 4.1719920519814974e+002 0.
      1.2630718864944656e+003 2.6459708508346495e+002 0. 0. 1.</data></CameraMatrix>
  <DistCoeffs type_id="opencv-matrix">
    <rows>1</rows>
    <cols>5</cols>
    <dt>d</dt>
    <data>
      -8.4635727314226639e-002 -9.4769161879695876e+000
      1.8531279820640071e-003 -1.4105933622826170e-003
      9.4982948848721136e+001</data></DistCoeffs></Camera>
<Projector>
  <CameraMatrix type_id="opencv-matrix">
    <rows>3</rows>
    <cols>3</cols>
    <dt>d</dt>
    <data>
      2.2507889259851072e+003 0. 5.1274591238109053e+002 0.
      2.2276679393709073e+003 6.0236948316655503e+002 0. 0. 1.</data></CameraMatrix>
  <Distcoeffs type_id="opencv-matrix">
    <rows>1</rows>
    <cols>5</cols>
    <dt>d</dt>
    <data>
      -7.7586209370962789e-001 1.8571044211391048e+000
      -1.0160551500789936e-001 -4.1059103878117856e-002
      -1.4273364998763144e+001</data></Distcoeffs></Projector>
<ProCam>
  <R type_id="opencv-matrix">
    <rows>3</rows>
    <cols>3</cols>
    <dt>d</dt>
    <data>
      9.9856716576345439e-001 -3.7706906953748141e-002
      -3.7971102527096651e-002 3.3361480266579972e-002
      9.9345934717551820e-001 -1.0920410772501099e-001
      4.1840495857058166e-002 1.0778086415303317e-001
      9.9329384284252009e-001</data></R>
  <T type_id="opencv-matrix">
    <rows>3</rows>
    <cols>1</cols>
    <dt>d</dt>
    <data>
      -1.8063878787109022e-001 2.3599003824727802e-001
      -3.2775148151493774e+000</data></T>
  <E type_id="opencv-matrix">
    <rows>3</rows>
    <cols>3</cols>
    <dt>d</dt>
    <data>
      1.1921668604662169e-001 3.2815129388701889e+000
      -1.2351062898070003e-001 -3.2652606632559014e+000
      1.4305435083067117e-001 3.0387824685100523e-001
      -2.4167828099793393e-001 -1.7055883785878861e-001
      2.8687299587650802e-002</data></E>
  <F type_id="opencv-matrix">
    <rows>3</rows>
    <cols>3</cols>
    <dt>d</dt>
    <data>
      -1.5584111297578378e-006 -4.3102612575671668e-005
      1.4104087504553022e-002 4.3126793319239497e-005
      -1.8985186157339924e-006 -2.2583916487541333e-002
      -1.8068412864845722e-002 2.8286711761377013e-002 1.</data></F></ProCam>
</opencv_storage>
