<?xml version="1.0"?>
<opencv_storage>
<Camera>
  <size>
    800 600</size>
  <CameraMatrix type_id="opencv-matrix">
    <rows>3</rows>
    <cols>3</cols>
    <dt>d</dt>
    <data>
      1.2669712134801621e+003 0. 3.0174806328993088e+002 0.
      1.2558418447941413e+003 2.7928272003943135e+002 0. 0. 1.</data></CameraMatrix>
  <DistCoeffs type_id="opencv-matrix">
    <rows>1</rows>
    <cols>5</cols>
    <dt>d</dt>
    <data>
      -2.6989595152948348e-001 -1.9225324101699763e+000
      2.5360352661705631e-004 -5.2528996041218161e-003
      1.7729716536249544e+001</data></DistCoeffs></Camera>
<Projector>
  <size>
    1024 768</size>
  <CameraMatrix type_id="opencv-matrix">
    <rows>3</rows>
    <cols>3</cols>
    <dt>d</dt>
    <data>
      2.4666752608352776e+003 0. 4.4881523154631788e+002 0.
      2.4517501582282730e+003 6.4498000394830160e+002 0. 0. 1.</data></CameraMatrix>
  <Distcoeffs type_id="opencv-matrix">
    <rows>1</rows>
    <cols>5</cols>
    <dt>d</dt>
    <data>
      -8.8777195264678796e-002 2.2541964229598674e-001
      -1.0060420825900461e-002 -5.8288520938108079e-003
      5.3325967600905733e-001</data></Distcoeffs></Projector>
<ProCam>
  <R type_id="opencv-matrix">
    <rows>3</rows>
    <cols>3</cols>
    <dt>d</dt>
    <data>
      9.9806541741342436e-001 -3.2143977953356224e-002
      -5.3218298025219643e-002 2.4404093610503455e-002
      9.8982549150282206e-001 -1.4017823149921158e-001
      5.7182713982607825e-002 1.3860830080673711e-001
      9.8869503699019967e-001</data></R>
  <T type_id="opencv-matrix">
    <rows>3</rows>
    <cols>1</cols>
    <dt>d</dt>
    <data>
      4.4531918450186467e+001 2.4077961618494061e+001
      1.2902346195052166e+002</data></T>
  <E type_id="opencv-matrix">
    <rows>3</rows>
    <cols>3</cols>
    <dt>d</dt>
    <data>
      -1.7718574508772065e+000 -1.2437330629374146e+002
      4.1892041871175536e+001 1.2622739945193865e+002
      -1.0319820864447795e+001 -5.0894895809680115e+001
      -2.2944619706713031e+001 4.4852789534946041e+001
      -4.9610174363614332e+000</data></E>
  <F type_id="opencv-matrix">
    <rows>3</rows>
    <cols>3</cols>
    <dt>d</dt>
    <data>
      3.7571455556382057e-007 2.6606528816126741e-005
      -1.8798648881882141e-002 -2.6928901780444904e-005
      2.2211043560581415e-006 2.1261865555187394e-002
      2.9201105188900806e-002 -3.7042033147660677e-002 1.</data></F></ProCam>
</opencv_storage>
