<?xml version="1.0"?>
<opencv_storage>
<Camera>
  <CameraMatrix type_id="opencv-matrix">
    <rows>3</rows>
    <cols>3</cols>
    <dt>d</dt>
    <data>
      1.5422924323475986e+003 0. 3.9096426689900994e+002 0.
      1.7736551418616743e+003 2.8960425894903597e+002 0. 0. 1.</data></CameraMatrix>
  <DistCoeffs type_id="opencv-matrix">
    <rows>1</rows>
    <cols>5</cols>
    <dt>d</dt>
    <data>
      -4.0655060154475942e-001 -7.6993801693807029e+000
      -2.1511762189346056e-002 2.0586716563122338e-002
      1.0075050547291539e+002</data></DistCoeffs></Camera>
<Projector>
  <CameraMatrix type_id="opencv-matrix">
    <rows>3</rows>
    <cols>3</cols>
    <dt>d</dt>
    <data>
      7.1946646959599029e+003 0. 4.3381596664543417e+002 0.
      5.6082298793039099e+003 2.8221426029761710e+002 0. 0. 1.</data></CameraMatrix>
  <Distcoeffs type_id="opencv-matrix">
    <rows>1</rows>
    <cols>5</cols>
    <dt>d</dt>
    <data>
      -2.3065818188838985e+000 -9.9435246739787274e+001
      3.5702396301846606e-001 2.5384448793256260e-002
      -2.9609200440282408e+000</data></Distcoeffs></Projector>
<ProCam>
  <R type_id="opencv-matrix">
    <rows>3</rows>
    <cols>3</cols>
    <dt>d</dt>
    <data>
      8.9164484109037301e-001 -3.0914641974395202e-001
      -3.3075363719303169e-001 -2.6217893698164740e-002
      6.9408236524290301e-001 -7.1941802334167937e-001
      4.5197577303098352e-001 6.5013703280025026e-001
      6.1076979229062334e-001</data></R>
  <T type_id="opencv-matrix">
    <rows>3</rows>
    <cols>1</cols>
    <dt>d</dt>
    <data>
      5.5326660511014052e+002 1.3533706985153544e+003
      3.1598902705661731e+003</data></T>
  <E type_id="opencv-matrix">
    <rows>3</rows>
    <cols>3</cols>
    <dt>d</dt>
    <data>
      6.9453643487052841e+002 -1.3133477026910314e+003
      3.0998799528517598e+003 2.5674367566251076e+003
      -1.3365678729230549e+003 -1.3830637296050936e+003
      -1.2212314864536127e+003 8.0240229991715091e+002
      4.9602313575128619e+001</data></E>
  <F type_id="opencv-matrix">
    <rows>3</rows>
    <cols>3</cols>
    <dt>d</dt>
    <data>
      4.8036286522809757e-007 -7.8986279423850614e-007
      3.3475759184579531e-003 2.2780271689145033e-006
      -1.0312114060834853e-006 -2.4846242263013062e-003
      -6.9281927973498612e-003 4.1056372472970089e-003 1.</data></F></ProCam>
</opencv_storage>
