<?xml version="1.0"?>
<opencv_storage>
<calibration>
  <CameraMatrix type_id="opencv-matrix">
    <rows>3</rows>
    <cols>3</cols>
    <dt>d</dt>
    <data>
      1.5198435076436122e+003 0. 3.9514296595617310e+002 0.
      1.6098457652478546e+003 2.9138752221609303e+002 0. 0. 1.</data></CameraMatrix>
  <DistCoeffs type_id="opencv-matrix">
    <rows>1</rows>
    <cols>5</cols>
    <dt>d</dt>
    <data>
      -3.5932156774098151e-001 -7.5474941825559902e+000
      -7.1659003725123272e-004 9.6923264594230927e-003
      1.2686213520888518e+002</data></DistCoeffs></calibration>
</opencv_storage>
