<?xml version="1.0"?>
<opencv_storage>
<Camera>
  <CameraMatrix type_id="opencv-matrix">
    <rows>3</rows>
    <cols>3</cols>
    <dt>d</dt>
    <data>
      1.2589712333024236e+003 0. 4.1975972690511230e+002 0.
      1.2552288112770354e+003 2.6607696367330647e+002 0. 0. 1.</data></CameraMatrix>
  <DistCoeffs type_id="opencv-matrix">
    <rows>1</rows>
    <cols>5</cols>
    <dt>d</dt>
    <data>
      4.3330704436602349e-002 -1.5570071900122910e+001
      2.1247603757117112e-003 -5.5905272442743448e-004
      1.7035539511703061e+002</data></DistCoeffs></Camera>
<Projector>
  <CameraMatrix type_id="opencv-matrix">
    <rows>3</rows>
    <cols>3</cols>
    <dt>d</dt>
    <data>
      2.2447961199320234e+003 0. 5.4951395430207015e+002 0.
      2.1985146367242719e+003 5.7670430996877064e+002 0. 0. 1.</data></CameraMatrix>
  <Distcoeffs type_id="opencv-matrix">
    <rows>1</rows>
    <cols>5</cols>
    <dt>d</dt>
    <data>
      -8.4465367605658248e-001 4.4486550235407352e+000
      -9.3197827714588233e-002 -4.8167268396866227e-002
      -4.2571849274737126e+001</data></Distcoeffs></Projector>
<ProCam>
  <R type_id="opencv-matrix">
    <rows>3</rows>
    <cols>3</cols>
    <dt>d</dt>
    <data>
      9.9786982479895181e-001 -4.0504621383047612e-002
      -5.1138912799600228e-002 3.5358141379026445e-002
      9.9457637409665522e-001 -9.7814303284186624e-002
      5.4823485787843990e-002 9.5797764772284869e-002
      9.9388992029837187e-001</data></R>
  <T type_id="opencv-matrix">
    <rows>3</rows>
    <cols>1</cols>
    <dt>d</dt>
    <data>
      -1.3083417373736563e+000 -8.3521309286648485e-002
      -7.1297341301293233e+000</data></T>
  <E type_id="opencv-matrix">
    <rows>3</rows>
    <cols>3</cols>
    <dt>d</dt>
    <data>
      2.4751521805532406e-001 7.0830639646766773e+000
      -7.8040096397020886e-001 -7.0428186926507070e+000
      4.1412339550136457e-001 1.6649545170463536e+000
      3.7082862142708166e-002 -1.3046287802464818e+000
      1.2370334654630810e-001</data></E>
  <F type_id="opencv-matrix">
    <rows>3</rows>
    <cols>3</cols>
    <dt>d</dt>
    <data>
      -1.3899450205386696e-006 -3.9894202487445479e-005
      1.6715705776010430e-002 4.0382180533555825e-005
      -2.3815841528201692e-006 -2.8335937534676996e-002
      -2.2992244893882720e-002 3.9790896956615300e-002 1.</data></F></ProCam>
</opencv_storage>
