<?xml version="1.0"?>
<opencv_storage>
<Camera>
  <size>
    800 600</size>
  <CameraMatrix type_id="opencv-matrix">
    <rows>3</rows>
    <cols>3</cols>
    <dt>d</dt>
    <data>
      1.2363267529558666e+003 0. 3.5481801861997729e+002 0.
      1.2358379979544579e+003 2.9635865060477590e+002 0. 0. 1.</data></CameraMatrix>
  <DistCoeffs type_id="opencv-matrix">
    <rows>1</rows>
    <cols>5</cols>
    <dt>d</dt>
    <data>
      -9.3384835104743810e-002 -3.1260677837171347e+000
      -1.1078997286024862e-002 -9.1981533196676818e-003
      1.6132283438317799e+001</data></DistCoeffs></Camera>
<Projector>
  <size>
    1024 768</size>
  <CameraMatrix type_id="opencv-matrix">
    <rows>3</rows>
    <cols>3</cols>
    <dt>d</dt>
    <data>
      2.8989655904425240e+003 0. 5.1135107624407533e+002 0.
      2.9140385852668464e+003 3.8084950142324954e+002 0. 0. 1.</data></CameraMatrix>
  <Distcoeffs type_id="opencv-matrix">
    <rows>1</rows>
    <cols>5</cols>
    <dt>d</dt>
    <data>
      8.3445561017178471e-001 -1.0965711538941243e+002
      -3.6622950476201198e-002 -8.3868304166659427e-002
      2.2039296309513225e+003</data></Distcoeffs></Projector>
<ProCam>
  <R type_id="opencv-matrix">
    <rows>3</rows>
    <cols>3</cols>
    <dt>d</dt>
    <data>
      9.9555858236966488e-001 -3.6254511044604296e-002
      -8.6883367217320318e-002 3.7385436377603831e-002
      9.9923561356312451e-001 1.1424435827740827e-002
      8.6402767414934134e-002 -1.4621867734414006e-002
      9.9615298160824572e-001</data></R>
  <T type_id="opencv-matrix">
    <rows>3</rows>
    <cols>1</cols>
    <dt>d</dt>
    <data>
      -5.5428830454180149e+000 -1.0461476382436288e+000
      3.6166789749497752e+002</data></T>
  <E type_id="opencv-matrix">
    <rows>3</rows>
    <cols>3</cols>
    <dt>d</dt>
    <data>
      -1.3611502222689072e+001 -3.6137614682708204e+002
      -5.1739747749241340e+000 3.6054049975329855e+002
      -1.3193140086967905e+001 -2.5901365276373348e+001
      8.3427815823622598e-001 -5.5765737119019008e+000
      -1.5421714107010431e-001</data></E>
  <F type_id="opencv-matrix">
    <rows>3</rows>
    <cols>3</cols>
    <dt>d</dt>
    <data>
      -1.5981635204677706e-006 -4.2446937382593035e-005
      1.2395517591405185e-002 4.2113076932473143e-005
      -1.5416394457967764e-006 -1.8226007156183128e-002
      -1.4937553922002071e-002 2.0393540318227547e-002 1.</data></F></ProCam>
</opencv_storage>
