<?xml version="1.0"?>
<opencv_storage>
<Camera>
  <size>
    800 600</size>
  <CameraMatrix type_id="opencv-matrix">
    <rows>3</rows>
    <cols>3</cols>
    <dt>d</dt>
    <data>
      1.2179765867661331e+003 0. 3.8048508871281990e+002 0.
      1.2178743227463117e+003 3.2777560679476392e+002 0. 0. 1.</data></CameraMatrix>
  <DistCoeffs type_id="opencv-matrix">
    <rows>1</rows>
    <cols>5</cols>
    <dt>d</dt>
    <data>
      -2.4282062483985700e-001 -1.0643641611421803e+001
      -7.5755178459127777e-003 8.6665983725430385e-004
      1.4515322772286410e+002</data></DistCoeffs></Camera>
<Projector>
  <size>
    1024 768</size>
  <CameraMatrix type_id="opencv-matrix">
    <rows>3</rows>
    <cols>3</cols>
    <dt>d</dt>
    <data>
      8.2667656618093886e+001 0. 5.1156946516303589e+002 0.
      9.9048986764459315e+001 3.8423708394909011e+002 0. 0. 1.</data></CameraMatrix>
  <Distcoeffs type_id="opencv-matrix">
    <rows>1</rows>
    <cols>5</cols>
    <dt>d</dt>
    <data>
      -2.2186456897516832e-002 1.4632228085979451e-004
      4.1903559374658356e-003 1.9490401995775307e-003
      -3.0378662642759619e-007</data></Distcoeffs></Projector>
<ProCam>
  <R type_id="opencv-matrix">
    <rows>3</rows>
    <cols>3</cols>
    <dt>d</dt>
    <data>
      9.1827709359842524e-001 -2.1102507950889349e-001
      -3.3501581334422731e-001 -3.1963400378638110e-002
      8.0385972959300789e-001 -5.9395949034836626e-001
      3.9464606980009803e-001 5.5612763908739637e-001
      7.3142089704520652e-001</data></R>
  <T type_id="opencv-matrix">
    <rows>3</rows>
    <cols>1</cols>
    <dt>d</dt>
    <data>
      3.3436743976359236e+002 6.9760226601729516e+002
      -7.3533604077992243e+002</data></T>
  <E type_id="opencv-matrix">
    <rows>3</rows>
    <cols>3</cols>
    <dt>d</dt>
    <data>
      2.5180215228307682e+002 9.7906293212355763e+002
      7.3481055174710605e+001 -8.0719903831738304e+002
      -3.0776628392085769e+001 1.7858690486138471e+000
      -6.5127970167678120e+002 4.1599609336495166e+002
      3.5107076429488785e+001</data></E>
  <F type_id="opencv-matrix">
    <rows>3</rows>
    <cols>3</cols>
    <dt>d</dt>
    <data>
      3.2393567556420825e-006 1.2596399220677598e-005
      -4.2099526360644046e-003 -8.6669355638241617e-006
      -3.3047791234515468e-007 3.4293170015242845e-003
      9.8037010930556562e-004 -5.8745049211794374e-003 1.</data></F></ProCam>
</opencv_storage>
